52,34
52,30
51,12
52,203
52,202
53,7
52,201
52,200
0,685
51,7
0,684
52,199
0,683
0,682
52,198
52,197
52,196
0,681
52,195
52,194
51,21
52,6
52,49
53,40
52,51
51,13
52,22
0,680
0,679
52,193
52,192
0,678
53,5
0,677
51,6
0,676
0,675
0,674
0,673
0,672
0,671
0,670
0,669
0,668
0,667
0,666
0,665
52,62
0,664
0,663
0,662
0,661
0,660
53,41
0,659
0,658
52,318
52,317
52,316
0,657
52,315
52,314
0,656
0,655
52,313
51,62
52,312
52,311
52,310
0,654
0,653
52,309
52,308
52,307
0,652
52,306
52,305
52,304
52,303
52,302
0,651
52,301
52,23
0,650
51,61
52,300
0,649
0,648
52,299
53,38
52,298
0,647
52,297
52,16
53,29
0,646
52,53
52,5
52,33
52,296
52,295
0,645
0,644
0,643
52,294
0,642
52,293
0,641
52,292
0,640
52,291
0,895
52,290
51,60
52,289
52,288
0,894
52,287
0,893
52,286
0,892
0,891
52,285
0,890
52,284
0,889
52,283
52,282
0,888
52,281
52,280
0,887
0,886
0,885
52,279
52,278
52,11
53,37
0,884
52,277
51,59
52,276
0,883
52,275
0,882
0,881
52,274
0,880
52,273
0,879
52,272
0,878
52,271
52,270
52,269
0,877
0,876
52,268
52,267
0,875
52,266
0,874
51,58
52,265
52,264
52,263
52,262
0,873
51,22
52,52
0,872
52,261
0,871
52,260
0,870
52,259
0,869
0,868
52,258
0,867
52,127
0,866
53,36
0,865
52,126
0,864
0,863
52,125
0,862
0,861
52,124
52,58
51,57
0,860
52,123
51,63
52,122
0,859
52,121
0,858
52,120
0,857
52,119
0,856
0,855
52,118
52,117
0,854
52,116
0,853
52,55
52,115
52,54
0,852
52,114
0,851
0,850
52,113
0,849
52,112
0,848
51,56
52,111
0,847
0,846
0,845
52,110
52,109
0,844
52,108
0,843
0,842
52,107
0,841
52,106
0,839
0,838
0,837
0,836
52,105
0,835
52,104
0,834
0,833
52,103
0,832
52,102
52,101
51,55
0,338
52,100
0,1279
52,99
52,98
0,1278
0,1277
52,97
0,1276
52,96
51,5
0,1275
52,95
0,1274
0,1273
52,94
0,1272
0,1271
52,93
0,1269
0,1268
52,191
0,1267
0,1266
52,190
51,54
0,1265
52,189
0,1264
52,188
0,1263
52,187
0,1262
0,1261
0,1260
52,186
52,185
52,184
0,1259
52,183
0,327
0,1291
0,300
0,382
0,1221
0,299
0,537
0,1248
0,298
0,364
0,1341
0,297
0,1322
0,565
0,296
0,553
0,1255
0,295
0,536
0,1247
0,294
0,363
0,1325
0,293
0,353
0,1337
0,292
0,344
0,1336
0,291
0,516
0,1225
0,290
0,557
0,289
0,556
0,288
0,1332
0,1298
0,287
0,325
0,1290
0,286
0,1310
0,1280
0,285
0,381
0,317
0,284
0,324
0,1289
0,283
0,535
0,1238
0,282
0,534
0,1246
0,281
0,1309
0,280
0,362
0,301
0,279
0,333
0,575
0,278
0,1331
0,574
0,277
0,374
0,316
0,276
0,332
0,1312
0,275
0,524
0,1224
0,274
0,533
0,1245
0,273
0,555
0,272
0,331
0,1284
0,271
0,330
0,1288
0,270
0,357
0,1320
0,269
0,329
0,1311
0,268
0,380
0,1220
0,267
0,514
0,1232
0,266
0,552
0,265
0,520
0,1228
0,264
0,361
0,1335
0,263
0,554
0,262
0,343
0,1319
0,261
0,1321
0,573
0,260
0,513
0,1219
0,259
0,342
0,1297
0,258
0,376
0,315
0,257
0,1329
0,572
0,256
0,366
0,311
0,255
0,352
0,1317
0,254
0,529
0,1244
0,253
0,548
0,1254
0,252
0,532
0,1250
0,251
0,551
0,1249
0,250
0,547
0,1253
0,249
0,550
0,1252
0,248
0,351
0,1308
0,247
0,528
0,1243
0,246
0,373
0,1340
0,245
0,1318
0,571
0,244
0,1307
0,563
0,242
0,350
0,1287
0,241
0,337
0,1296
0,240
0,372
0,1334
0,239
0,527
0,1234
0,9
0,326
0,500
0,604
0,818
0,915
0,958
1,3
0,1098
0,1184
0,1270
51,3
51,4
2,5
53,3
4,3
51,1
52,3
9,4
53,1
9,5
52,1
52,319
53,6
9,10
9,11
9,12
9,13
9,16
9,17
9,18
9,19
9,21
9,77
31,3
32,2
33,3
34,3
34,64
35,12
35,19
35,29
35,34
35,53
35,73
35,88
35,110
35,118
35,148
35,176
35,205
35,235
35,259
35,361
35,365
35,384
35,397
35,440
35,470
35,495
35,515
35,526
35,534
35,550
35,557
35,571
35,577
35,580
35,590
35,600
35,605
35,606
35,614
35,622
35,628
35,631
35,636
35,639
35,646
35,656
35,663
35,666
35,672
35,681
35,684
35,688
35,691
35,695
35,698
35,703
35,708
35,711
35,713
35,717
35,722
35,725
35,727
35,730
35,732
35,738
35,742
35,743
35,747
35,748
35,751
35,755
35,756
35,758
35,761
35,764
35,766
35,770
35,774
35,775
35,777
35,778
35,782
35,783
35,786
35,787
35,790
35,793
35,796
35,799
35,800
35,801
35,803
35,804
35,805
35,806
35,808
35,809
35,810
52,256
35,812
35,814
35,815
35,816
35,818
52,64
35,820
35,821
35,822
35,824
35,825
35,826
35,827
52,67
35,830
35,832
52,68
35,834
35,836
52,69
35,838
35,840
35,841
35,843
52,70
35,845
35,846
35,847
52,71
35,849
35,851
35,852
35,854
35,855
35,856
35,858
35,859
52,74
35,861
35,863
35,864
35,865
35,867
35,868
35,869
52,76
35,871
35,873
35,874
35,875
35,876
35,878
35,879
35,880
35,882
52,79
35,884
35,886
52,80
35,888
35,890
35,891
52,81
35,894
35,895
35,896
35,897
52,82
35,899
35,901
35,903
35,904
35,905
35,906
35,908
35,909
35,910
35,912
52,84
35,914
35,915
52,85
35,918
35,919
35,921
35,923
35,925
35,927
35,928
35,931
35,933
35,934
35,936
35,938
35,940
35,942
35,945
35,946
35,948
35,950
35,952
35,953
35,954
35,956
35,958
35,960
35,962
35,963
35,965
35,966
35,968
35,970
35,972
35,973
35,974
35,1025
35,1027
35,1028
35,1030
35,1031
35,1032
35,1034
35,1036
35,1038
35,1039
35,1040
35,1042
35,1044
35,1046
35,1048
35,1050
35,1052
35,1054
35,1056
35,1057
35,1059
35,1060
35,1061
35,1063
35,1064
35,1065
35,1066
35,1069
35,1071
35,1072
35,1074
35,1076
35,1077
35,1078
35,1079
35,1081
35,1083
35,1085
35,1086
35,1087
35,1088
35,1090
35,1091
35,1092
35,1094
35,1095
35,1096
35,1098
35,1099
35,1100
35,1101
35,1103
35,1104
35,1105
35,1106
35,1108
35,1110
35,1112
35,1114
35,1115
35,1116
37,0
37,1
37,2
37,3
37,5
37,7
37,8
37,9
38,1
38,3
38,4
38,5
38,7
38,8
38,9
38,12
38,13
38,15
38,17
38,19
38,21
39,1
39,5
39,7
39,8
39,10
39,11
39,12
41,0
41,1
41,2
41,5
41,6
41,8
41,9
41,12
41,13
41,14
41,16
41,18
41,20
41,21
41,22
41,23
41,25
41,27
41,28
41,30
41,32
41,33
41,34
41,36
41,37
41,39
41,41
41,43
41,44
41,45
41,47
41,49
41,51
41,52
41,53
41,54
41,56
41,57
41,58
41,60
41,61
41,62
41,64
53,34
41,66
41,68
41,70
41,72
41,73
41,75
41,76
41,78
41,80
41,81
41,83
41,84
41,86
41,87
41,89
41,91
41,92
41,94
41,95
41,128
41,130
41,131
41,192
41,193
41,195
42,3
42,4
42,15
42,17
42,21
42,22
42,24
42,28
42,29
42,31
42,32
42,34
42,40
42,43
42,48
42,50
42,56
42,57
42,63
42,110
42,111
42,113
42,114
42,116
42,118
42,119
42,121
42,122
42,124
42,125
42,127
42,134
42,135
42,193
42,194
42,196
42,198
42,199
42,201
42,202
42,204
42,205
42,207
42,209
42,210
42,212
42,213
42,215
42,217
42,218
42,220
42,221
42,223
42,225
42,226
42,228
42,229
42,231
42,232
42,234
42,236
42,237
42,239
42,240
43,0
43,2
43,3
43,5
46,0
46,5
46,6
47,1
48,1
48,3
49,0
49,3
49,5
49,7
49,8
49,10
49,11
49,13
49,14
49,16
49,18
49,19
49,21
49,22
49,24
49,26
49,27
49,29
49,30
49,32
49,34
49,35
49,65
49,66
49,68
49,69
49,71
49,73
49,74
49,76
49,77
49,79
49,81
49,82
49,84
49,85
49,87
49,88
49,90
49,92
49,93
49,95
49,96
49,98
49,100
49,101
49,103
49,104
49,106
49,107
49,109
49,111
49,112
49,114
49,115
49,117
49,119
49,120
49,122
49,123
49,125
49,127
49,128
49,130
49,131
49,133
49,134
49,136
49,138
49,139
49,141
49,142
49,144
49,146
49,147
49,149
49,150
49,152
49,153
49,155
49,157
49,158
49,160
49,161
49,163
49,165
49,166
49,168
49,169
49,171
49,172
49,174
49,176
49,177
49,179
49,180
49,182
49,184
49,185
49,187
49,188
49,190
49,191
49,193
49,195
49,196
49,198
49,199
50,1
50,3
50,4
50,6
50,7
50,9
50,11
50,12
50,14
50,15
50,17
50,18
50,20
50,22
50,23
50,25
50,26
50,28
50,30
50,31
50,33
50,34
50,64
50,65
50,67
50,69
50,70
50,72
50,73
50,75
50,77
50,78
50,80
50,81
50,83
50,84
50,86
50,88
50,89
50,91
50,92
50,94
50,96
50,97
50,99
50,100
50,102
50,104
50,105
50,107
50,108
50,110
50,111
50,113
50,115
50,116
50,118
50,119
50,121
50,123
50,124
50,126
50,127
50,129
50,130
50,132
50,134
50,135
50,137
50,138
50,140
50,142
50,143
50,145
50,146
50,148
50,149
50,151
50,153
50,154
50,156
50,157
50,159
50,161
50,162
50,164
50,165
50,167
50,168
50,170
50,172
50,173
50,175
50,176
50,178
50,180
50,181
50,183
50,184
50,186
50,188
50,189
50,191
50,192
50,194
50,195
50,197
50,199
50,200
50,202
50,203
50,205
50,207
50,208
50,210
50,211
50,213
50,214
50,216
50,218
50,219
50,221
50,222
50,224
50,226
50,227
50,229
50,230
50,232
50,233
50,235
50,237
50,238
50,240
50,241
50,243
50,245
50,246
50,248
50,249
50,251
50,253
50,254
50,256
50,257
50,259
50,260
50,262
50,264
50,265
50,267
50,268
50,270
50,272
50,273
50,275
50,276
50,278
50,279
50,281
50,283
50,284
50,286
50,287
50,289
50,291
50,292
50,294
50,295
50,297
50,298
50,300
50,302
50,303
50,305
50,306
50,308
50,310
50,311
50,313
50,314
50,316
50,317
50,319
50,321
50,383
51,2
52,0
53,0
54,3
54,4
54,6
54,7
54,9
54,11
54,12
54,14
54,15
54,13
54,10
54,8
54,5
53,2
52,2
51,0
50,320
50,318
50,315
50,312
50,309
50,307
50,304
50,301
50,299
50,296
50,293
50,290
50,288
50,285
50,282
50,280
50,277
50,274
50,271
50,269
50,266
50,263
50,261
50,258
50,255
50,252
50,250
50,247
50,244
50,242
50,239
50,236
50,234
50,231
50,228
50,225
50,223
50,220
50,217
50,215
50,212
50,209
50,206
50,204
50,201
50,198
50,196
50,193
50,190
50,187
50,185
50,182
50,179
50,177
50,174
50,171
50,169
50,166
50,163
50,160
50,158
50,155
50,152
50,150
50,147
50,144
50,141
50,139
50,136
50,133
50,131
50,128
50,125
50,122
50,120
50,117
50,114
50,112
50,109
50,106
50,103
50,101
50,98
50,95
50,93
50,90
50,87
50,85
50,82
50,79
50,76
50,74
50,71
50,68
50,66
50,35
50,32
50,29
50,27
50,24
50,21
50,19
50,16
50,13
50,10
50,8
50,5
50,2
49,255
49,197
49,194
49,192
49,189
49,186
49,183
49,181
49,178
49,175
49,173
49,170
49,167
49,164
49,162
49,159
49,156
49,154
49,151
49,148
49,145
49,143
49,140
49,137
49,135
49,132
49,129
49,126
49,124
49,121
49,118
49,116
49,113
49,110
49,108
49,105
49,102
49,99
49,97
49,94
49,91
49,89
49,86
49,83
49,80
49,78
49,75
49,72
49,70
49,67
49,64
49,33
49,31
49,28
49,25
49,23
49,20
49,17
49,15
49,12
49,9
49,6
49,4
48,4
47,3
47,0
46,3
43,4
43,1
42,241
42,238
42,235
42,233
42,230
42,227
42,224
42,222
42,219
42,216
42,214
42,211
42,208
42,206
42,203
42,200
42,197
42,195
42,192
42,131
42,126
42,123
42,120
42,117
42,115
42,112
42,109
42,58
42,55
42,45
42,36
42,33
42,30
42,25
42,23
42,19
42,9
42,0
41,194
41,132
41,129
41,96
41,93
41,90
41,88
41,85
41,82
41,79
41,77
41,74
41,71
41,69
41,67
41,65
41,63
41,59
41,55
41,50
41,48
41,46
51,53
41,42
41,40
41,38
41,35
52,174
41,31
41,29
41,26
41,24
41,19
41,17
41,15
41,11
41,10
41,7
41,4
41,3
39,13
39,9
39,6
39,4
39,3
39,0
38,20
38,18
38,16
38,14
38,11
38,10
38,6
38,2
38,0
37,6
37,4
35,1113
35,1111
35,1109
35,1107
35,1102
35,1097
35,1093
35,1089
35,1084
35,1082
35,1080
35,1075
35,1073
35,1070
35,1068
35,1067
35,1062
35,1058
35,1055
35,1053
35,1051
35,1049
35,1047
35,1045
35,1043
35,1041
35,1037
35,1035
35,1033
35,1029
35,1026
35,1024
35,971
35,969
35,967
35,964
35,961
35,959
35,957
35,955
35,951
35,949
35,947
35,944
35,943
35,941
35,939
35,937
35,935
35,932
35,930
35,929
35,926
35,924
35,922
35,920
35,917
35,916
35,913
35,911
52,83
35,907
35,902
35,900
35,898
35,893
35,892
35,889
35,887
35,885
35,883
35,881
52,78
35,877
52,77
35,872
35,870
35,866
52,75
35,862
35,860
35,857
52,73
35,853
52,72
35,850
35,848
35,844
35,842
35,839
35,837
35,835
35,833
35,831
35,829
35,828
52,66
35,823
52,65
35,819
35,817
52,257
35,813
35,811
35,807
35,802
35,798
35,794
35,791
35,788
35,784
35,780
35,772
35,769
35,767
35,763
35,759
35,753
35,750
35,746
35,745
35,740
35,735
35,721
35,719
35,705
35,700
35,690
35,677
35,671
35,664
35,662
35,657
35,651
35,644
35,621
35,596
35,587
35,582
35,566
35,545
35,505
35,487
35,482
35,446
35,432
35,342
35,252
35,230
35,186
35,165
35,153
35,94
35,64
35,3
35,2
34,26
32,3
22,0
9,71
9,15
9,14
9,9
9,8
9,7
9,6
52,4
9,3
53,4
2,4
2,3
0,1205
0,1054
0,917
0,840
0,540
0,243
0,0
0,1
0,564
0,238
0,349
0,1295
0,237
0,523
0,1237
0,236
0,1306
0,562
0,235
0,1316
0,561
0,234
0,531
0,1231
0,233
0,348
0,1333
0,232
0,371
0,310
0,231
0,526
0,1233
0,230
0,522
0,1236
0,229
0,541
0,1257
0,228
0,341
0,1304
0,227
0,347
0,1313
0,226
0,379
0,314
0,225
0,1328
0,1294
0,224
0,323
0,1283
0,223
0,370
0,309
0,222
0,512
0,313
0,221
0,515
0,1222
0,220
0,340
0,1303
0,219
0,356
0,1330
0,218
0,375
0,1218
0,217
0,539
0,1242
0,216
0,355
0,1343
0,215
0,369
0,1327
0,214
0,336
0,1302
0,213
0,322
0,1282
0,212
0,360
0,1339
0,211
0,328
0,1293
0,210
0,365
0,1217
0,209
0,321
0,1286
0,208
0,1324
0,570
0,207
0,378
0,1216
0,206
0,335
0,569
0,205
0,546
0,204
0,320
0,1292
0,203
0,519
0,1230
0,202
0,346
0,1326
0,201
0,368
0,319
0,200
0,334
0,1301
0,199
0,1305
0,568
0,198
0,521
0,1235
0,197
0,339
0,1299
0,196
0,545
0,1241
0,195
0,544
0,194
0,383
0,1227
0,193
0,359
0,1342
0,192
0,1300
0,567
0,63
0,1315
0,1281
0,62
0,538
0,1240
0,61
0,358
0,308
0,60
0,543
0,1258
0,59
0,530
0,1239
0,58
0,367
0,318
0,57
0,542
0,1251
0,56
0,1314
0,566
0,55
0,518
0,1223
0,54
0,549
0,1256
0,53
0,354
0,312
0,52
0,560
0,51
0,517
0,307
0,50
0,559
0,49
0,345
0,1338
0,48
0,558
0,47
0,525
0,1229
0,46
0,377
0,1226
0,45
0,1323
0,1285
0,6
0,5
0,304
0,303
0,306
0,305
0,302
0,12
0,10
0,8
0,11
0,4
0,2
0,3
0,7
